0.000000000000000000e+00 3.680201467126607895e+00 2.439202568360737455e+00
1.000000000000000000e+00 2.081354344263672829e+00 1.347963324614933622e+00
2.000000000000000000e+00 1.621015683747828007e+00 1.080795307244573289e+00
3.000000000000000000e+00 1.381413964089006186e+00 8.871015799897057352e-01
4.000000000000000000e+00 1.185689284000545740e+00 7.461927032896450429e-01
5.000000000000000000e+00 1.033467150758951902e+00 6.568840135421071258e-01
6.000000000000000000e+00 9.185755890794098377e-01 5.971432785902704987e-01
7.000000000000000000e+00 8.285155033227056265e-01 5.506373218127659230e-01
8.000000000000000000e+00 7.538113447371870279e-01 5.115233893905367646e-01
9.000000000000000000e+00 6.897026319056749344e-01 4.774822805609021947e-01
1.000000000000000000e+01 6.333889393135905266e-01 4.467987482036863134e-01
1.100000000000000000e+01 5.818908684886991978e-01 4.162213004061153798e-01
1.200000000000000000e+01 5.308953402563929558e-01 3.831335167799677088e-01
1.300000000000000000e+01 4.825353077612817287e-01 3.561410707022462652e-01
1.400000000000000000e+01 4.413092720787972212e-01 3.352968857756682963e-01
1.500000000000000000e+01 4.066443885676562786e-01 3.155095218015568359e-01
1.600000000000000000e+01 3.755372754530981183e-01 2.967470722006900208e-01
1.700000000000000000e+01 3.471465419279411435e-01 2.788281145372560887e-01
1.800000000000000000e+01 3.209273507818579674e-01 2.615902764456612961e-01
1.900000000000000000e+01 2.965076626278460026e-01 2.449235852275575831e-01
2.000000000000000000e+01 2.736447500647045672e-01 2.287989112415484139e-01
2.100000000000000000e+01 2.522083523217588663e-01 2.132602226255195521e-01
2.200000000000000000e+01 2.321046510187443346e-01 1.983097577467560768e-01
2.300000000000000000e+01 2.131073339260183275e-01 1.836128668593508817e-01
2.400000000000000000e+01 1.944662339810747653e-01 1.679031029343605042e-01
2.500000000000000000e+01 1.752411024790490046e-01 1.517018387759370424e-01
2.600000000000000000e+01 1.577195054851472378e-01 1.387763010071856595e-01
2.700000000000000000e+01 1.433307724219048396e-01 1.280762267165950485e-01
2.800000000000000000e+01 1.310658652073470876e-01 1.186832139002425290e-01
2.900000000000000000e+01 1.204197086481144652e-01 1.103159887050943755e-01
3.000000000000000000e+01 1.110966480555362068e-01 1.028241001934345339e-01
3.100000000000000000e+01 1.029339704327867366e-01 9.611502339664314276e-02
3.200000000000000000e+01 9.580620083579560742e-02 9.012196076634738928e-02
3.300000000000000000e+01 8.960831509102717973e-02 8.478918092857513911e-02
3.400000000000000000e+01 8.424510464465129189e-02 8.006591155260268933e-02
3.500000000000000000e+01 7.962770533231378067e-02 7.590363793341177445e-02
3.600000000000000000e+01 7.567174983159929980e-02 7.225427994438048118e-02
3.700000000000000000e+01 7.229675058715656633e-02 6.906997404127780682e-02
3.800000000000000000e+01 6.942621463713294361e-02 6.630247781452323907e-02
3.900000000000000000e+01 6.698762580890615936e-02 6.390373629983514547e-02
4.000000000000000000e+01 6.491339505623727746e-02 6.182648302222203129e-02
4.100000000000000000e+01 6.314129718873573438e-02 6.002458712152604348e-02
4.200000000000000000e+01 6.161497421840067545e-02 5.845432270351531151e-02
4.300000000000000000e+01 6.028486063246418780e-02 5.707520048599690199e-02
4.400000000000000000e+01 5.910801156887401930e-02 5.585075186432472000e-02
4.500000000000000000e+01 5.804850365375879839e-02 5.474907696147316566e-02
4.600000000000000000e+01 5.707714100075500507e-02 5.374313566634165290e-02
4.700000000000000000e+01 5.617046228702227140e-02 5.281072610107782894e-02
4.800000000000000000e+01 5.531062295524546979e-02 5.193409139506651589e-02
4.900000000000000000e+01 5.448411081147130908e-02 5.109932414987789634e-02
5.000000000000000000e+01 5.368107366998420282e-02 5.029588733201047906e-02
5.100000000000000000e+01 5.289435373436468524e-02 4.951586133185108957e-02
5.200000000000000000e+01 5.211920099215716640e-02 4.875355334453550932e-02
5.300000000000000000e+01 5.135232337690220916e-02 4.800478822601560169e-02
5.400000000000000000e+01 5.059155852224428429e-02 4.726666504367520866e-02
5.500000000000000000e+01 4.983565526798994227e-02 4.653725665411911905e-02
5.600000000000000000e+01 4.908383282579453777e-02 4.581521390355192125e-02
5.700000000000000000e+01 4.833571599452657352e-02 4.509965810575522482e-02
5.800000000000000000e+01 4.759113071404730277e-02 4.439000541294392532e-02
5.900000000000000000e+01 4.684996608474456536e-02 4.368588456418365240e-02
6.000000000000000000e+01 4.611225246936867528e-02 4.298712973832152784e-02
6.100000000000000000e+01 4.537800079504283879e-02 4.229357801419349888e-02
6.200000000000000000e+01 4.464718398395062238e-02 4.160508360239743852e-02
6.300000000000000000e+01 4.391972812555344774e-02 4.092165794905407855e-02
6.400000000000000000e+01 4.319565156058757793e-02 4.024323090561665595e-02
6.500000000000000000e+01 4.247479740105930546e-02 3.956967282283585519e-02
6.600000000000000000e+01 4.175692383207518787e-02 3.890100206730754545e-02
6.700000000000000000e+01 4.104182197248462671e-02 3.823711657397715208e-02
6.800000000000000000e+01 4.032922663158444720e-02 3.757808125270197669e-02
6.900000000000000000e+01 3.961891785371562946e-02 3.692389677494897077e-02
7.000000000000000000e+01 3.891045555033656456e-02 3.627474090899340808e-02
7.100000000000000000e+01 3.820375565192080103e-02 3.563089573955429551e-02
7.200000000000000000e+01 3.749856935624507059e-02 3.499293342922880912e-02
7.300000000000000000e+01 3.679503601392752898e-02 3.436170076020061970e-02
7.400000000000000000e+01 3.609348100934539616e-02 3.373840988310154027e-02
7.500000000000000000e+01 3.539466162726512266e-02 3.312474321657126602e-02
7.600000000000000000e+01 3.469980614300993693e-02 3.252254214645030478e-02
7.700000000000000000e+01 3.401058923236632836e-02 3.193380875122135004e-02
7.800000000000000000e+01 3.332908592614103327e-02 3.136022513873675671e-02
7.900000000000000000e+01 3.265750711068449164e-02 3.080284035344707863e-02
8.000000000000000000e+01 3.199780089749992840e-02 3.026164725971674380e-02
8.100000000000000000e+01 3.135133888162044968e-02 2.973585987872086681e-02
8.200000000000000000e+01 3.071875453821348856e-02 2.922435812537774527e-02
8.300000000000000000e+01 3.010014583310294256e-02 2.872607671812537483e-02
8.400000000000000000e+01 2.949511602446364122e-02 2.824054207695780860e-02
8.500000000000000000e+01 2.890317099428330039e-02 2.776755083566203805e-02
8.600000000000000000e+01 2.832389776915533730e-02 2.730753604937977488e-02
8.700000000000000000e+01 2.775688039827173270e-02 2.686093844321086471e-02
8.800000000000000000e+01 2.720181235368102080e-02 2.642806503383456421e-02
8.900000000000000000e+01 2.665846204466504332e-02 2.600941399962916276e-02
9.000000000000000000e+01 2.612658807292689289e-02 2.560526418187488926e-02
9.100000000000000000e+01 2.560590968179354832e-02 2.521560341059268448e-02
9.200000000000000000e+01 2.509623069384048222e-02 2.484054373425286649e-02
9.300000000000000000e+01 2.459731748303539689e-02 2.447987211845819439e-02
9.400000000000000000e+01 2.410889500886348458e-02 2.413344127723706170e-02
9.500000000000000000e+01 2.363071367310976001e-02 2.380107479439175222e-02
9.600000000000000000e+01 2.316248896526884593e-02 2.348223397997831544e-02
9.700000000000000000e+01 2.270400160481944596e-02 2.317683040018891916e-02
9.800000000000000000e+01 2.225490578811006870e-02 2.288429120224983598e-02
9.900000000000000000e+01 2.181500398958524656e-02 2.260473728113408451e-02
1.000000000000000000e+02 2.138401141985468712e-02 2.233769302672174509e-02
1.010000000000000000e+02 2.096179000261333414e-02 2.208327840136397463e-02
1.020000000000000000e+02 2.054821152804642281e-02 2.184140516328625381e-02
1.030000000000000000e+02 2.014310677225417123e-02 2.161208038367996159e-02
1.040000000000000000e+02 1.974658898268633056e-02 2.139563531506740238e-02
1.050000000000000000e+02 1.935876601292219057e-02 2.119216406260550703e-02
1.060000000000000000e+02 1.897991103342144825e-02 2.100165687027453695e-02
1.070000000000000000e+02 1.861031973574833742e-02 2.082356174443183300e-02
1.080000000000000000e+02 1.825037988308619852e-02 2.065729015157558024e-02
1.090000000000000000e+02 1.790039030680867782e-02 2.050086942784088914e-02
1.100000000000000000e+02 1.756053583299999055e-02 2.035213366200748150e-02
1.110000000000000000e+02 1.723077433231989808e-02 2.020825360835130577e-02
1.120000000000000000e+02 1.691099028364084766e-02 2.006662534716139798e-02
1.130000000000000000e+02 1.660083362278552688e-02 1.992460023861245336e-02
1.140000000000000000e+02 1.629998267125598588e-02 1.978037487216560003e-02
1.150000000000000000e+02 1.600805383137648974e-02 1.963277701621076940e-02
1.160000000000000000e+02 1.572475293046449174e-02 1.948150437757639047e-02
1.170000000000000000e+02 1.544992085525298542e-02 1.932692407197984102e-02
1.180000000000000000e+02 1.518347860582736075e-02 1.917006718161116605e-02
1.190000000000000000e+02 1.492536147698197979e-02 1.901176296606926081e-02
1.200000000000000000e+02 1.467549378558652418e-02 1.885314746427216651e-02
1.210000000000000000e+02 1.443386128355728104e-02 1.869495629632313485e-02
1.220000000000000000e+02 1.420039373077464084e-02 1.853823112989110705e-02
1.230000000000000000e+02 1.397500257570483129e-02 1.838344234108392830e-02
1.240000000000000000e+02 1.375761748552817298e-02 1.823136504806046124e-02
1.250000000000000000e+02 1.354808108167698810e-02 1.808183024903493169e-02
1.260000000000000000e+02 1.334619624948968353e-02 1.793525711816203530e-02
1.270000000000000000e+02 1.315181412035038022e-02 1.779151596045786682e-02
1.280000000000000000e+02 1.296467105735610303e-02 1.765045198512130500e-02
1.290000000000000000e+02 1.278462787976542003e-02 1.751188343457345600e-02
1.300000000000000000e+02 1.261132369910267226e-02 1.737508979775676671e-02
1.310000000000000000e+02 1.244454258533767010e-02 1.723978681340148505e-02
1.320000000000000000e+02 1.228397756656196549e-02 1.710547512214231555e-02
1.330000000000000000e+02 1.212938255762363582e-02 1.697154887785603042e-02
1.340000000000000000e+02 1.198040786374132693e-02 1.683747822452070358e-02
1.350000000000000000e+02 1.183682206480651811e-02 1.670298163246895437e-02
1.360000000000000000e+02 1.169837297899811723e-02 1.656768243576932018e-02
1.370000000000000000e+02 1.156474056784517757e-02 1.643098985576735976e-02
1.380000000000000000e+02 1.143562483554383391e-02 1.629276606087972160e-02
1.390000000000000000e+02 1.131086216091503616e-02 1.615275738212013784e-02
1.400000000000000000e+02 1.119014833837184142e-02 1.601073921275591311e-02
1.410000000000000000e+02 1.107328221885395259e-02 1.586658491370534357e-02
1.420000000000000000e+02 1.096002243687399513e-02 1.572025160255309875e-02
1.430000000000000000e+02 1.085017315424519069e-02 1.557161044911481440e-02
1.440000000000000000e+02 1.074351422437480608e-02 1.542063638667709111e-02
1.450000000000000000e+02 1.063990958592953007e-02 1.526743067993915556e-02
1.460000000000000000e+02 1.053912336323992172e-02 1.511202187975868583e-02
1.470000000000000000e+02 1.044103782360622512e-02 1.495435953256674111e-02
1.480000000000000000e+02 1.034551707120456854e-02 1.479463156179658054e-02
1.490000000000000000e+02 1.025240322407938720e-02 1.463311646615953268e-02
1.500000000000000000e+02 1.016161286597672131e-02 1.446990904514677823e-02
1.510000000000000000e+02 1.007302126429010514e-02 1.430504370780129493e-02
1.520000000000000000e+02 9.986535725325929036e-03 1.413894960673392834e-02
1.530000000000000000e+02 9.902085369600133191e-03 1.397163967651847243e-02
1.540000000000000000e+02 9.819608265597579155e-03 1.380354563921823083e-02
1.550000000000000000e+02 9.739059784578896206e-03 1.363494195226979018e-02
1.560000000000000000e+02 9.660405414396500134e-03 1.346616581681051375e-02
1.570000000000000000e+02 9.583625186700084342e-03 1.329750753107613800e-02
1.580000000000000000e+02 9.508684611848089441e-03 1.312932159219469368e-02
1.590000000000000000e+02 9.435584575227640158e-03 1.296169369015842676e-02
1.600000000000000000e+02 9.364299328407987844e-03 1.279520455032720147e-02
1.610000000000000000e+02 9.294821497775274111e-03 1.263005632374967872e-02
1.620000000000000000e+02 9.227183446185449611e-03 1.246665556599120019e-02
1.630000000000000000e+02 9.161356314669966139e-03 1.230527875096803191e-02
1.640000000000000000e+02 9.097378506486286653e-03 1.214625090610102834e-02
1.650000000000000000e+02 9.035230091355650472e-03 1.198974526154675604e-02
1.660000000000000000e+02 8.974877590839813735e-03 1.183610715919972481e-02
1.670000000000000000e+02 8.916355074870430109e-03 1.168556605781694534e-02
1.680000000000000000e+02 8.859635049194042322e-03 1.153838408312627198e-02
1.690000000000000000e+02 8.804697956997203923e-03 1.139457612797351894e-02
1.700000000000000000e+02 8.751506648402462840e-03 1.125447969284973024e-02
1.710000000000000000e+02 8.700042458724577266e-03 1.111814288638665257e-02
1.720000000000000000e+02 8.650294141497427702e-03 1.098563875504104080e-02
1.730000000000000000e+02 8.602189084603750757e-03 1.085713568526054142e-02
1.740000000000000000e+02 8.555703395840774661e-03 1.073254449875093997e-02
1.750000000000000000e+02 8.510766174332884404e-03 1.061198930256068707e-02
1.760000000000000000e+02 8.467348661901352713e-03 1.049541502808486702e-02
1.770000000000000000e+02 8.425401712553570732e-03 1.038284630547942934e-02
1.780000000000000000e+02 8.384836597802591829e-03 1.027406147165623070e-02
1.790000000000000000e+02 8.345608090538914059e-03 1.016924861219844697e-02
1.800000000000000000e+02 8.307693208677857655e-03 1.006823870453185318e-02
1.810000000000000000e+02 8.270994056543745643e-03 9.970816026907414198e-03
1.820000000000000000e+02 8.235489234067028264e-03 9.877028837633718833e-03
1.830000000000000000e+02 8.201090488660300881e-03 9.786713038920424879e-03
1.840000000000000000e+02 8.167765635848311945e-03 9.699745484145491994e-03
1.850000000000000000e+02 8.135457296149173345e-03 9.616005575350885376e-03
1.860000000000000000e+02 8.104100295139415877e-03 9.535404782842047192e-03
1.870000000000000000e+02 8.073702339154609220e-03 9.457831208627405159e-03
1.880000000000000000e+02 8.044142729872860720e-03 9.383085038280114532e-03
1.890000000000000000e+02 8.015449330657564708e-03 9.311083519215961404e-03
1.900000000000000000e+02 7.987538226153723109e-03 9.241723424306005560e-03
1.910000000000000000e+02 7.960393150567401932e-03 9.174887250992469490e-03
1.920000000000000000e+02 7.933973027920204757e-03 9.110347428109630621e-03
1.930000000000000000e+02 7.908245604227981396e-03 9.048178130927096025e-03
1.940000000000000000e+02 7.883167277598801537e-03 8.988147821842826582e-03
1.950000000000000000e+02 7.858710374300248436e-03 8.930134300109264858e-03
1.960000000000000000e+02 7.834878403003786573e-03 8.874091544255082592e-03
1.970000000000000000e+02 7.811610012799508063e-03 8.819975644915498472e-03
1.980000000000000000e+02 7.788883370007937401e-03 8.767572092308131143e-03
1.990000000000000000e+02 7.766695087313091328e-03 8.716846446207324878e-03
2.000000000000000000e+02 7.745000658006095939e-03 8.667735247789616279e-03
2.010000000000000000e+02 7.723808713467339437e-03 8.620122909113498919e-03
2.020000000000000000e+02 7.703066447742490386e-03 8.573966383534883245e-03
2.030000000000000000e+02 7.682770817498074667e-03 8.529183650223006591e-03
2.040000000000000000e+02 7.662893526020841950e-03 8.485658102602298275e-03
2.050000000000000000e+02 7.643416734839814097e-03 8.443395341081278913e-03
2.060000000000000000e+02 7.624340002054474930e-03 8.402335670585412211e-03
2.070000000000000000e+02 7.605635157978518635e-03 8.362391017726622522e-03
2.080000000000000000e+02 7.587280711717492299e-03 8.323505323330340072e-03
2.090000000000000000e+02 7.569301980555609433e-03 8.285615307353768819e-03
2.100000000000000000e+02 7.551646079777984966e-03 8.248717149919164784e-03
2.110000000000000000e+02 7.534287375861703495e-03 8.212728194069183335e-03
2.120000000000000000e+02 7.517237896210837711e-03 8.177600810345861740e-03
2.130000000000000000e+02 7.500463615190688937e-03 8.143374097666569375e-03
2.140000000000000000e+02 7.484027417438809948e-03 8.109917337216237046e-03
2.150000000000000000e+02 7.467782766704789132e-03 8.077212973148562014e-03
2.160000000000000000e+02 7.451834747502494860e-03 8.045290393056347966e-03
2.170000000000000000e+02 7.436140859051754148e-03 8.014062370680872030e-03
2.180000000000000000e+02 7.420717137823912291e-03 7.983478797541465610e-03
2.190000000000000000e+02 7.405457486944155843e-03 7.953547879878897220e-03
2.200000000000000000e+02 7.390468244393155750e-03 7.924226611586553462e-03
2.210000000000000000e+02 7.375658090642667197e-03 7.895468310120381736e-03
2.220000000000000000e+02 7.361061187427964114e-03 7.867301550244778716e-03
2.230000000000000000e+02 7.346666655954736669e-03 7.839699795502903454e-03
2.240000000000000000e+02 7.332443388667508888e-03 7.812604958806852393e-03
2.250000000000000000e+02 7.318415214386919665e-03 7.786013745187249195e-03
2.260000000000000000e+02 7.304554216848890835e-03 7.759982619713160466e-03
2.270000000000000000e+02 7.290889163492908498e-03 7.734353660842836417e-03
2.280000000000000000e+02 7.277306563643726189e-03 7.709199669209608648e-03
2.290000000000000000e+02 7.263943351196400222e-03 7.684502213773417544e-03
2.300000000000000000e+02 7.250726939827201178e-03 7.660201527219864283e-03
2.310000000000000000e+02 7.237591052253078416e-03 7.636356559357538980e-03
2.320000000000000000e+02 7.224663571254397176e-03 7.612889340504937034e-03
2.330000000000000000e+02 7.211810158993414710e-03 7.589833996462402865e-03
2.340000000000000000e+02 7.199111456192230918e-03 7.567165613831353631e-03
2.350000000000000000e+02 7.186550539297620332e-03 7.544861979632904239e-03
2.360000000000000000e+02 7.174077193784711426e-03 7.522899055142521184e-03
2.370000000000000000e+02 7.161739359490937318e-03 7.501308082282776013e-03
2.380000000000000000e+02 7.149491447554889856e-03 7.480062193021045323e-03
2.390000000000000000e+02 7.137326468650895261e-03 7.459132832341960374e-03
2.400000000000000000e+02 7.125275735360037110e-03 7.438567458718482565e-03
2.410000000000000000e+02 7.113321565896668641e-03 7.418335184151406657e-03
2.420000000000000000e+02 7.101470065531301223e-03 7.398391354529719639e-03
2.430000000000000000e+02 7.089675473649081905e-03 7.378782265212586663e-03
2.440000000000000000e+02 7.077971465460852762e-03 7.359446055488660932e-03
2.450000000000000000e+02 7.066365431348975434e-03 7.340425121843249280e-03
2.460000000000000000e+02 7.054823136203536293e-03 7.321707084754182186e-03
2.470000000000000000e+02 7.043333496990378251e-03 7.303256662583278332e-03
2.480000000000000000e+02 7.031945854954646524e-03 7.285103661550757989e-03
2.490000000000000000e+02 7.020594455736328676e-03 7.267240072646278214e-03
2.500000000000000000e+02 7.009316304160795319e-03 7.249641670309107076e-03
2.510000000000000000e+02 6.998128235068457048e-03 7.232327330192285172e-03
2.520000000000000000e+02 6.986970962686467335e-03 7.215236536077489563e-03
2.530000000000000000e+02 6.975876108052336821e-03 7.198414667852505271e-03
2.540000000000000000e+02 6.964813936107427939e-03 7.181878795693462554e-03
2.550000000000000000e+02 6.953826521295725094e-03 7.165574154246964235e-03
2.560000000000000000e+02 6.942892217759344398e-03 7.149529530839312565e-03
2.570000000000000000e+02 6.931991679012095009e-03 7.133704048361063678e-03
2.580000000000000000e+02 6.921104594743210381e-03 7.118129915397730656e-03
2.590000000000000000e+02 6.910314582125154370e-03 7.102820975757952009e-03
2.600000000000000000e+02 6.899547454020937831e-03 7.087712388706027787e-03
2.610000000000000000e+02 6.888812992159321080e-03 7.072838528983993456e-03
2.620000000000000000e+02 6.878101255337942810e-03 7.058189207392777734e-03
2.630000000000000000e+02 6.867426101505147429e-03 7.043753382926557470e-03
2.640000000000000000e+02 6.856780125563122219e-03 7.029537324082671922e-03
2.650000000000000000e+02 6.846199676502295883e-03 7.015542944697829124e-03
2.660000000000000000e+02 6.835609698317091087e-03 7.001745363855401728e-03
2.670000000000000000e+02 6.825071330065657360e-03 6.988163784626522101e-03
2.680000000000000000e+02 6.814562417488123636e-03 6.974764921713878449e-03
2.690000000000000000e+02 6.804066157269361703e-03 6.961563675758952741e-03
2.700000000000000000e+02 6.793615778809602990e-03 6.948557044519735292e-03
2.710000000000000000e+02 6.783176639531651730e-03 6.935734690679444883e-03
2.720000000000000000e+02 6.772783853000841070e-03 6.923097583889362659e-03
2.730000000000000000e+02 6.762366312426992820e-03 6.910638137924252078e-03
2.740000000000000000e+02 6.752029364577138981e-03 6.898352948155661579e-03
2.750000000000000000e+02 6.741705436945799601e-03 6.886243769258726388e-03
2.760000000000000000e+02 6.731363959056935187e-03 6.874300504153195608e-03
2.770000000000000000e+02 6.721089498405663498e-03 6.862518604326136619e-03
2.780000000000000000e+02 6.710811777707492709e-03 6.850895078449477024e-03
2.790000000000000000e+02 6.700551567275891962e-03 6.839434544027815990e-03
2.800000000000000000e+02 6.690340533778926790e-03 6.828110079888054587e-03
2.810000000000000000e+02 6.680091152721057135e-03 6.816954560885538604e-03
2.820000000000000000e+02 6.669926596576170041e-03 6.805940488058175378e-03
2.830000000000000000e+02 6.659726300392243559e-03 6.795074341295860403e-03
2.840000000000000000e+02 6.649573006502040862e-03 6.784342829502877474e-03
2.850000000000000000e+02 6.639432907583731058e-03 6.773742921723169275e-03
2.860000000000000000e+02 6.629307046001176040e-03 6.763260669296349351e-03
2.870000000000000000e+02 6.619186861978765268e-03 6.752923529477682270e-03
2.880000000000000000e+02 6.609090908571757517e-03 6.742720146186391775e-03
2.890000000000000000e+02 6.599009868733796136e-03 6.732627959276474804e-03
2.900000000000000000e+02 6.588934627349329887e-03 6.722661984830275925e-03
2.910000000000000000e+02 6.578899429605988836e-03 6.712816542858490720e-03
2.920000000000000000e+02 6.568841445573320170e-03 6.703076340987276262e-03
2.930000000000000000e+02 6.558829865896897982e-03 6.693449921580655292e-03
2.940000000000000000e+02 6.548831226429463470e-03 6.683934161044037363e-03
2.950000000000000000e+02 6.538836316859975017e-03 6.674521430016154729e-03
2.960000000000000000e+02 6.528841343803104547e-03 6.665214073694057835e-03
2.970000000000000000e+02 6.518868596204277499e-03 6.656016164145382892e-03
2.980000000000000000e+02 6.508933852531179065e-03 6.646924657681145890e-03
2.990000000000000000e+02 6.498962903559807325e-03 6.637915804991020331e-03
3.000000000000000000e+02 6.489050634073734170e-03 6.628997400574527729e-03
3.010000000000000000e+02 6.479085317832339319e-03 6.620185178430152383e-03
3.020000000000000000e+02 6.469193560660446707e-03 6.611460455327947648e-03
3.030000000000000000e+02 6.459308186654466599e-03 6.602830579855175665e-03
3.040000000000000000e+02 6.449394801177926739e-03 6.594288887364590027e-03
3.050000000000000000e+02 6.439494576306215023e-03 6.585842541621137435e-03
3.060000000000000000e+02 6.429646877651296055e-03 6.577473994834041014e-03
3.070000000000000000e+02 6.419721921163135114e-03 6.569186125359140031e-03
3.080000000000000000e+02 6.409868938435869801e-03 6.560995357826219197e-03
3.090000000000000000e+02 6.399974724409229765e-03 6.552887736753680928e-03
3.100000000000000000e+02 6.390135061298429786e-03 6.544858673480901008e-03
3.110000000000000000e+02 6.380245819475605096e-03 6.536892442519664018e-03
3.120000000000000000e+02 6.370385053405813736e-03 6.529035917797695356e-03
3.130000000000000000e+02 6.360510844542144326e-03 6.521239754420093959e-03
3.140000000000000000e+02 6.350678542895837886e-03 6.513537101454858202e-03
3.150000000000000000e+02 6.340799430013421834e-03 6.505887421618743519e-03
3.160000000000000000e+02 6.330925242236884465e-03 6.498338266153170888e-03
3.170000000000000000e+02 6.321034046421369901e-03 6.490873473207362486e-03
3.180000000000000000e+02 6.311183396534025825e-03 6.483481332712212088e-03
3.190000000000000000e+02 6.301323862465513237e-03 6.476152135097176278e-03
3.200000000000000000e+02 6.291431404712277686e-03 6.468903950592773573e-03
3.210000000000000000e+02 6.281532966821767872e-03 6.461738029429398011e-03
3.220000000000000000e+02 6.271628394385192484e-03 6.454664261192582034e-03
3.230000000000000000e+02 6.261718926992426715e-03 6.447665465267553644e-03
3.240000000000000000e+02 6.251801045098384635e-03 6.440737927797661813e-03
3.250000000000000000e+02 6.241854302441313118e-03 6.433902072071110388e-03
3.260000000000000000e+02 6.231907598546353177e-03 6.427155004465541152e-03
3.270000000000000000e+02 6.221956780305334944e-03 6.420491455953326702e-03
3.280000000000000000e+02 6.211965588518247872e-03 6.413897747474298604e-03
3.290000000000000000e+02 6.201963792591178026e-03 6.407403750212584646e-03
3.300000000000000000e+02 6.191950385351946418e-03 6.400991425055378888e-03
3.310000000000000000e+02 6.181906478136545147e-03 6.394657347820091944e-03
3.320000000000000000e+02 6.171832902368945550e-03 6.388441410633406529e-03
3.330000000000000000e+02 6.161745082979730448e-03 6.382304854339183701e-03
3.340000000000000000e+02 6.151637016154953841e-03 6.376276356539685095e-03
3.350000000000000000e+02 6.141447335147320885e-03 6.370346138737659203e-03
3.360000000000000000e+02 6.131286637861332878e-03 6.364541376569832209e-03
3.370000000000000000e+02 6.121101295723185842e-03 6.358821895251561863e-03
3.380000000000000000e+02 6.110843893935236082e-03 6.353219967032990370e-03
3.390000000000000000e+02 6.100564525729268439e-03 6.347740317713552669e-03
3.400000000000000000e+02 6.090250648821626811e-03 6.342369580189759562e-03
3.410000000000000000e+02 6.079892692292809819e-03 6.337146161188554790e-03
3.420000000000000000e+02 6.069514069119374966e-03 6.332037274465359723e-03
3.430000000000000000e+02 6.059081218372563971e-03 6.327068777604186699e-03
3.440000000000000000e+02 6.048613439110561707e-03 6.322238490676162018e-03
3.450000000000000000e+02 6.038111043522975674e-03 6.317568336661289960e-03
3.460000000000000000e+02 6.027539707150392223e-03 6.313041367385656757e-03
3.470000000000000000e+02 6.016944329454654294e-03 6.308687176832401475e-03
3.480000000000000000e+02 6.006340036028789964e-03 6.304495898867961204e-03
3.490000000000000000e+02 5.995640977923599735e-03 6.300472591647121590e-03
3.500000000000000000e+02 5.984930092445939209e-03 6.296652675765861476e-03
3.510000000000000000e+02 5.974195145262095608e-03 6.293018629678824756e-03
3.520000000000000000e+02 5.963411963498643775e-03 6.289579378127590006e-03
3.530000000000000000e+02 5.952625692771079668e-03 6.286359673205359558e-03
3.540000000000000000e+02 5.941813377332377799e-03 6.283317062947649766e-03
3.550000000000000000e+02 5.930969102154404204e-03 6.280519176925736247e-03
3.560000000000000000e+02 5.920129982312838379e-03 6.277969101574853994e-03
3.570000000000000000e+02 5.909324035548446652e-03 6.275638238938492305e-03
3.580000000000000000e+02 5.898506083402504929e-03 6.273549288510237194e-03
3.590000000000000000e+02 5.887728250743448632e-03 6.271709761092226880e-03
3.600000000000000000e+02 5.877001377284696293e-03 6.270107706703649184e-03
3.610000000000000000e+02 5.866370553597621829e-03 6.268751302286545979e-03
3.620000000000000000e+02 5.855805143918590971e-03 6.267646536993457494e-03
3.630000000000000000e+02 5.845360427875867515e-03 6.266744152526371181e-03
3.640000000000000000e+02 5.835040006050284944e-03 6.266104233678301307e-03
3.650000000000000000e+02 5.824904009568143692e-03 6.265628861651099078e-03
3.660000000000000000e+02 5.814969969669903094e-03 6.265389561446811466e-03
3.670000000000000000e+02 5.805270991627864419e-03 6.265294670486453062e-03
3.680000000000000000e+02 5.795794507075124891e-03 6.265326239307407105e-03
3.690000000000000000e+02 5.786588757346698003e-03 6.265431433153675379e-03
3.700000000000000000e+02 5.777661289795621435e-03 6.265584831843236044e-03
3.710000000000000000e+02 5.769069897540557434e-03 6.265729449231522905e-03
3.720000000000000000e+02 5.760804974686450919e-03 6.265822013769398700e-03
3.730000000000000000e+02 5.752884657279189184e-03 6.265791423759635610e-03
3.740000000000000000e+02 5.745238244612149714e-03 6.265548794869703168e-03
3.750000000000000000e+02 5.737920944247937305e-03 6.265050872181225985e-03
3.760000000000000000e+02 5.730907607496060763e-03 6.264284194717869604e-03
3.770000000000000000e+02 5.724144120558882776e-03 6.263123036530616854e-03
3.780000000000000000e+02 5.717588275158856648e-03 6.261544000088698977e-03
3.790000000000000000e+02 5.711204159512872636e-03 6.259503165503181935e-03
3.800000000000000000e+02 5.704948084075699144e-03 6.257013755852572877e-03
3.810000000000000000e+02 5.698766247992370637e-03 6.254004744602882464e-03
3.820000000000000000e+02 5.692634506578760079e-03 6.250505654406879330e-03
3.830000000000000000e+02 5.686494620001258937e-03 6.246522083724163031e-03
3.840000000000000000e+02 5.680343631242715241e-03 6.242098363860090239e-03
3.850000000000000000e+02 5.674074933596506831e-03 6.237191445701942803e-03
3.860000000000000000e+02 5.667726634267983288e-03 6.231887234272497425e-03
3.870000000000000000e+02 5.661293392040800398e-03 6.226259690070686838e-03
3.880000000000000000e+02 5.654761466650976010e-03 6.220276650570407719e-03
3.890000000000000000e+02 5.648073184548352277e-03 6.214058433930144155e-03
3.900000000000000000e+02 5.641280248926072716e-03 6.207579554939002264e-03
3.910000000000000000e+02 5.634375792430423857e-03 6.200915261940410754e-03
3.920000000000000000e+02 5.627359321017433302e-03 6.194090342043117106e-03
3.930000000000000000e+02 5.620271096847984094e-03 6.187124811341553413e-03
3.940000000000000000e+02 5.613118653830656557e-03 6.180082778623078275e-03
3.950000000000000000e+02 5.605916857766936323e-03 6.172962718924931459e-03
3.960000000000000000e+02 5.598697038488503752e-03 6.165801583067930143e-03
3.970000000000000000e+02 5.591448568279144826e-03 6.158624181417897761e-03
3.980000000000000000e+02 5.584203962360034801e-03 6.151412004978088453e-03
3.990000000000000000e+02 5.576939373186817761e-03 6.144181600705321718e-03
